States: ['7', '6', '34', '44', '4']
delta: {1: {0: CEpsilon()}, 0: {2: CAtom(2), 4: CEpsilon()}, 2: {0: CAtom(0), 3: CAtom(0), 4: CEpsilon()}, 3: {0: CAtom(0)}, 4: {}}
data.x: tensor([[0.6959, 0.4096, 0.0000, 0.0000, 0.0000, 0.4811, 0.0000, 0.0000, 0.0365, 0.8689, 0.0000, 0.0000, 0.0000, 0.0000, 0.0000, 0.0000, 0.7725, 0.4418, 1.0174, 1.2181, 0.3111, 0.9182, 0.2870, 1.5783, 0.0000, 0.0000, 0.7441, 0.0000, 0.0403, 0.0000, 0.0000, 0.0000, 0.5263, 0.0000, 0.9902, 0.0000, 0.0000, 0.0000, 0.0000, 0.5424, 0.0000, 0.8062, 0.2193, 0.6263, 0.6702, 0.0000, 0.8717, 0.0000, 1.0454, 0.0104, 0.4855, 0.4693, 0.2784, 0.3190, 0.0000, 0.6641, 0.0000, 0.9699, 0.0000, 0.0000, 0.0861, 0.0000, 0.0000,
         0.0000],
        [1.3288, 1.2224, 0.0000, 0.0000, 0.0000, 1.2529, 0.1768, 0.0000, 0.0000, 1.6422, 0.0000, 0.0000, 0.0000, 0.0000, 0.0000, 0.0000, 0.7238, 0.8451, 2.2222, 1.8451, 0.0000, 0.7603, 1.1379, 1.5008, 0.0000, 0.0000, 1.7184, 0.1531, 0.7249, 0.0000, 0.0000, 0.0000, 1.0327, 0.6469, 1.7110, 0.1700, 0.0000, 0.0000, 0.0000, 1.3152, 0.0000, 1.4863, 0.5493, 1.0116, 1.2950, 0.0000, 1.2417, 0.0000, 0.0000, 1.2448, 0.3002, 0.0000, 0.0000, 0.0000, 0.0000, 0.0000, 0.8658, 0.5383, 0.0000, 0.0000, 0.4732, 1.7697, 1.7273,
         0.0000],
        [0.0000, 0.0000, 0.7873, 2.6641, 0.6521, 0.0000, 0.0000, 0.0000, 2.4024, 0.0000, 0.0000, 0.0000, 0.0512, 0.0000, 0.2892, 1.3988, 0.8084, 0.1754, 0.0000, 0.0000, 2.0540, 1.1181, 0.0000, 1.8248, 0.0000, 0.1544, 0.0000, 0.0000, 0.0000, 0.0000, 0.2803, 0.9352, 0.0000, 0.0000, 0.0000, 0.5999, 1.2473, 1.0108, 0.0000, 0.0000, 0.5719, 0.0000, 0.0000, 0.0000, 0.0000, 1.3095, 0.0000, 0.5681, 1.4762, 0.0000, 0.6712, 2.1293, 0.6700, 0.3687, 0.8792, 1.2249, 0.0000, 0.8115, 0.6247, 0.0000, 0.9306, 0.0000, 0.0000,
         0.0000],
        [0.0000, 0.0000, 1.2997, 2.9473, 1.1477, 0.0000, 0.0000, 0.0000, 2.1984, 0.0000, 0.0000, 0.0000, 0.0038, 0.0000, 0.0000, 2.3695, 0.7647, 0.0000, 0.0000, 0.0000, 1.7566, 1.1597, 0.0000, 2.3277, 0.0000, 0.3811, 0.0000, 0.0000, 0.0000, 0.0000, 0.4709, 1.5571, 0.0000, 0.0000, 0.0000, 0.0000, 1.0958, 1.0080, 0.0000, 0.0000, 0.0050, 0.0000, 0.0000, 0.0000, 0.0000, 0.7877, 0.6160, 0.0000, 1.8247, 0.0000, 0.7377, 0.8105, 0.2577, 0.6172, 0.4750, 1.3430, 0.0000, 1.1464, 0.0000, 0.0000, 0.0000, 0.0000, 0.0000,
         0.4267],
        [0.0000, 0.0000, 0.1965, 0.0000, 0.0000, 0.0000, 2.2685, 0.5904, 0.0000, 0.0000, 1.0837, 1.2767, 0.0000, 2.5810, 0.2763, 1.8714, 0.0000, 0.0000, 0.0000, 1.3524, 0.7881, 0.0000, 0.6577, 0.4113, 1.8209, 0.5839, 0.0000, 1.5492, 1.2460, 1.4527, 0.0000, 0.1260, 0.0000, 0.0000, 0.0000, 0.8625, 0.5340, 0.0899, 0.5626, 0.0000, 0.3316, 0.0000, 0.0000, 0.0000, 0.0000, 0.7155, 0.0000, 1.4313, 0.4118, 0.0000, 0.8524, 0.8245, 0.0000, 2.4088, 0.3926, 0.3456, 0.0000, 0.3078, 0.8988, 0.0000, 0.0000, 0.0000, 0.0000,
         0.7696]], device='cuda:0')
sum:  tensor([19.4017, 34.6337, 30.6894, 29.5357, 31.8718], device='cuda:0')
pi1: tensor([22.4454, 41.3156, 27.4271, 28.4669, 40.7015], device='cuda:0')
pi2: tensor([ -3.4260, -10.2646,   2.3107,   2.0193, -19.1232], device='cuda:0')
